12
7 5 4 6 5 7 7 3 5 5 2 6 
536 178 519 168 438 523 575 
484 547 528 479 216 
211 580 164 412 
102 375 281 326 557 515 
345 223 364 429 423 
223 379 233 584 167 163 355 
235 501 278 210 385 225 491 
116 193 454 
596 258 266 599 385 
447 325 343 215 423 
318 479 
252 141 102 383 126 438 
1 5 1 3 1 5 1 
3 2 2 4 1 
1 1 1 3 
2 1 2 4 1 4 
2 2 3 4 3 
3 2 2 3 4 1 4 
2 4 5 4 1 1 5 
5 3 2 
2 5 1 3 3 
3 1 3 1 3 
4 1 
3 4 3 5 2 2 
5 7 5 3 5 9 1 3 7 2 2 1 
48 74 60 118 36 
32 52 118 41 113 92 107 
35 110 22 69 106 
113 105 30 
21 90 73 86 98 
33 38 36 55 21 47 35 75 87 
33 
43 51 66 
93 24 111 66 111 26 56 
65 75 
42 58 
112 
5 1 3 3 4 
4 4 4 5 1 5 4 
3 2 3 1 2 
4 4 5 
4 2 1 2 5 
4 3 2 3 1 5 3 3 2 
2 
1 2 2 
1 4 4 5 2 1 3 
5 4 
1 5 
4 
