12
7 7 4 7 6 5 2 3 5 6 7 6 
473 443 212 419 248 543 508 
543 275 205 521 307 405 431 
109 363 560 587 
361 281 502 589 232 478 477 
580 225 436 339 387 573 
213 582 537 384 582 
394 144 
455 569 101 
229 277 258 560 286 
521 372 126 282 553 528 
272 538 259 501 518 236 337 
110 375 162 575 357 599 
2 2 4 1 3 1 2 
4 5 5 4 3 1 3 
4 1 4 5 
3 2 1 1 5 2 5 
2 4 3 2 3 4 
3 4 5 3 3 
5 1 
1 1 5 
1 3 3 4 4 
3 2 3 2 3 3 
2 4 1 1 1 4 5 
4 1 4 2 1 3 
6 9 4 2 1 9 1 2 6 10 5 4 
96 37 32 47 106 71 
93 49 98 76 81 36 105 25 98 
85 91 24 57 
86 64 
92 
67 94 30 100 55 58 119 111 83 
48 
80 48 
75 66 99 101 48 78 
57 109 46 94 66 25 60 89 81 49 
56 25 22 55 99 
84 87 87 74 
5 1 4 3 2 2 
3 3 3 1 3 3 5 3 5 
5 4 2 2 
4 3 
1 
2 3 5 4 4 2 4 3 1 
3 
4 4 
2 2 2 4 1 2 
2 4 4 1 3 3 5 1 4 3 
1 3 1 4 2 
5 5 3 1 
