8
2 3 7 4 6 7 7 6 
536 438 
403 215 464 
629 528 649 174 587 575 616 
333 534 214 574 
566 706 369 586 660 741 
678 612 277 570 705 196 359 
622 570 746 310 575 563 625 
206 693 276 583 531 701 
5 5 
1 1 2 
4 3 1 1 5 4 4 
2 2 1 4 
3 3 1 1 1 4 
3 4 4 2 3 5 5 
4 3 1 5 5 2 3 
4 4 4 4 5 2 
4 1 5 5 7 5 7 2 
116 36 49 23 
111 
84 99 138 125 120 
58 117 81 55 77 
37 72 60 57 82 135 51 
76 118 113 52 62 
79 66 40 53 42 48 74 
38 20 
5 5 1 2 
1 
2 5 2 4 4 
1 3 1 5 3 
1 3 4 1 1 3 1 
3 5 1 1 4 
2 5 2 4 1 2 1 
3 4 
