12
2 6 7 2 7 7 7 7 7 5 7 2 
562 344 
558 305 364 318 145 147 
404 195 277 596 429 401 224 
390 592 
350 144 405 193 123 170 424 
263 349 373 122 112 126 538 
574 222 496 131 338 567 529 
237 371 124 414 220 453 215 
344 596 207 446 140 365 391 
515 287 568 178 536 
341 553 400 219 491 227 193 
388 258 
3 1 
3 5 4 4 5 4 
3 2 5 4 2 2 1 
2 3 
2 4 1 2 3 5 5 
3 1 2 5 5 2 1 
2 2 3 3 2 4 2 
1 1 1 2 1 2 5 
3 5 3 1 3 5 3 
5 1 4 5 2 
5 4 1 1 4 4 4 
4 1 
1 2 10 3 4 2 1 1 3 1 3 2 
24 
50 95 
20 59 102 111 72 61 119 34 51 86 
31 32 44 
20 42 66 82 
93 37 
116 
58 
108 116 98 
42 
28 22 115 
32 104 
2 
4 4 
4 2 4 2 3 3 3 4 4 2 
5 1 4 
3 3 4 1 
1 2 
1 
5 
2 4 3 
2 
4 3 1 
2 3 
