12
6 2 7 6 7 2 5 6 7 7 7 2 
527 572 104 150 387 396 
541 299 
471 229 367 250 279 180 574 
122 593 516 389 360 160 
227 495 452 493 380 203 380 
245 312 
363 524 284 367 575 
571 515 368 270 386 498 
389 389 177 470 215 552 315 
131 341 575 543 321 470 395 
214 102 350 347 247 562 110 
172 598 
1 5 1 1 3 3 
5 1 
3 1 1 5 1 5 5 
2 3 2 2 4 5 
4 1 2 4 3 5 4 
3 2 
2 5 3 2 1 
5 5 2 3 4 2 
5 5 4 4 1 2 1 
2 3 2 1 1 2 5 
1 4 4 4 3 2 1 
3 4 
7 5 5 8 6 2 3 4 6 4 2 1 
53 22 68 52 81 99 119 
101 110 58 36 100 
68 50 79 21 40 
26 116 28 42 21 108 59 104 
60 102 62 94 115 92 
79 69 
40 111 30 
71 111 63 61 
49 32 93 50 114 53 
51 86 111 48 
94 34 
49 
3 4 4 1 2 1 2 
4 1 1 1 1 
3 1 3 1 2 
1 2 4 2 2 5 5 1 
1 1 4 5 5 5 
5 1 
3 2 2 
1 5 2 3 
5 2 5 4 5 4 
1 1 5 3 
1 3 
1 
