12
5 6 4 6 5 4 6 4 7 1 6 7 
570 351 347 480 552 
104 194 399 385 293 149 
340 543 206 364 
431 436 272 165 273 256 
228 404 273 598 517 
371 221 337 510 
286 159 261 533 539 565 
390 133 217 175 
327 266 267 122 224 383 305 
561 
556 371 234 564 351 390 
589 349 307 212 322 397 123 
4 2 2 5 4 
5 5 2 2 2 1 
5 4 5 5 
2 1 1 5 4 2 
2 5 3 1 4 
5 4 3 4 
4 1 1 5 2 4 
1 3 2 4 
4 5 4 2 4 5 1 
4 
2 2 2 3 3 3 
5 4 3 2 2 5 5 
5 3 2 6 4 7 4 4 4 2 2 5 
91 110 97 75 92 
83 86 43 
31 59 
81 94 35 94 23 23 
47 38 68 111 
50 81 78 105 108 51 88 
33 105 110 117 
76 52 46 84 
24 109 50 47 
73 41 
108 47 
109 34 102 112 61 
1 3 5 3 5 
1 4 5 
4 2 
3 4 4 2 3 3 
3 2 2 3 
2 2 3 1 2 2 2 
4 4 4 5 
5 2 2 2 
3 2 2 2 
5 4 
4 4 
4 5 1 2 4 
