8
2 3 7 4 6 7 7 6 
586 288 
253 565 114 
479 578 299 324 437 525 266 
283 484 264 224 
416 156 219 336 410 591 
528 162 327 320 555 446 509 
572 120 496 260 125 313 275 
356 143 326 433 481 251 
5 5 
1 1 2 
4 3 1 1 5 4 4 
2 2 1 4 
3 3 1 1 1 4 
3 4 4 2 3 5 5 
4 3 1 5 5 2 3 
4 4 4 4 5 2 
4 1 5 5 7 5 7 2 
96 56 29 23 
71 
44 59 78 85 80 
118 77 101 75 57 
37 72 40 97 82 115 91 
96 58 33 92 42 
79 66 80 53 42 68 114 
98 20 
5 5 1 2 
1 
2 5 2 4 4 
1 3 1 5 3 
1 3 4 1 1 3 1 
3 5 1 1 4 
2 5 2 4 1 2 1 
3 4 
