12
4 7 2 7 6 7 4 7 3 4 7 3 
477 265 408 554 
551 154 169 320 499 497 535 
566 541 
344 288 353 583 173 563 480 
592 229 323 431 380 520 
453 502 297 166 340 174 183 
500 480 135 554 
550 355 305 447 290 123 388 
387 312 494 
222 237 309 454 
230 290 177 413 423 532 444
597 118 325 
1 2 3 2 
1 3 3 3 4 3 3 
5 2 
1 3 2 5 2 3 2 
5 5 1 2 5 1 
2 3 5 1 3 2 4 
2 4 4 4 
1 1 5 5 1 4 3 
3 3 1 
2 2 4 5 
3 3 2 4 2 1 3
2 2 2 
2 9 1 8 8 8 8 8 3 8 4 2 
73 115 
81 50 74 66 71 25 67 81 46 
74 
38 87 69 36 31 117 47 74 
86 48 111 63 107 21 20 89 
48 65 23 102 112 84 84 66 
82 87 23 29 48 101 35 118 
69 36 35 32 34 114 86 52 
94 29 47 
33 30 99 55 59 45 58 93 
89 74 109 88 
37 77 
4 4 
3 1 2 2 2 3 4 4 2 
5 
5 1 5 4 3 5 5 3 
5 1 5 3 1 4 5 5 
2 4 4 1 2 2 3 3 
3 4 3 1 2 1 5 1 
2 1 1 4 1 5 1 2 
2 5 5 
2 1 1 4 4 4 4 1 
2 5 3 5 
4 1 
