8
7 7 7 6 3 7 4 5 
469 305 340 463 582 143 103 
466 537 483 236 296 368 160 
536 452 269 411 582 338 302 
193 339 442 483 520 513 
382 548 519 
544 269 224 137 132 558 180 
136 424 117 371 
561 166 491 473 454 
4 5 2 1 1 1 1 
2 3 2 3 3 1 1 
2 5 5 3 2 5 1 
3 3 1 2 4 4 
5 2 4 
5 5 4 3 2 4 5 
2 5 4 5 
4 1 5 1 2 
7 1 4 8 2 6 2 9 
52 45 76 22 34 77 66 
30 
73 56 44 94 
79 78 37 30 26 39 79 101 
28 24 
74 106 36 69 54 47 
45 107 
45 29 32 53 32 99 62 30 61 
1 2 2 2 1 2 5 
3 
1 1 2 2 
4 4 4 1 2 3 2 2 
5 1 
2 5 4 3 2 5 
5 4 
1 1 5 4 4 2 1 5 4 
