8
5 7 5 7 7 4 5 6 
529 289 568 312 290 
377 513 568 372 548 413 467 
535 343 334 585 134 
158 316 582 469 360 273 121 
284 119 202 436 390 428 333 
319 469 153 383 
159 283 296 127 555 
597 293 423 532 536 509 
3 3 3 1 5 
2 4 5 5 3 5 2 
2 2 3 2 4 
2 3 2 2 1 1 4 
1 3 4 1 5 5 5 
4 2 4 2 
4 2 5 3 2 
4 4 5 2 1 2 
6 6 1 8 2 2 3 9 
111 74 50 105 50 26 
86 86 72 38 90 103 
98 
81 32 35 34 47 74 51 34 
56 59 
81 101 
29 38 44 
20 92 83 64 46 113 49 28 72 
3 1 5 1 3 3 
1 1 2 2 3 4 
3 
4 5 1 3 3 4 3 1 
3 5 
5 1 
4 2 2 
5 2 1 3 4 5 5 1 2 
