12
7 2 1 6 4 3 7 5 2 1 5 4 
463 417 276 319 192 303 164 
495 363 
189 
403 311 444 299 171 401 
154 398 312 494 
207 347 301 
447 576 280 451 390 228 544 
243 443 213 272 514 
305 475 
579 
553 591 520 356 302 
364 407 225 518 
2 4 1 3 1 5 4 
4 1 
4 
2 3 5 1 4 5 
5 1 5 2 
1 1 5 
2 1 4 4 1 1 1 
1 3 5 3 2 
2 3 
1 
2 3 1 3 3 
2 1 1 2 
7 1 1 3 3 1 5 5 1 3 10 8 
87 80 72 66 116 72 53 
34 
49 
100 31 83 
35 108 65 
92 
115 42 113 61 34 
65 104 117 75 100 
33 
67 102 32 
55 21 44 59 68 92 111 101 107 92 
33 118 108 48 58 105 72 54 
4 3 3 3 3 2 5 
3 
2 
3 3 1 
3 3 3 
4 
4 3 4 3 4 
1 2 4 1 5 
2 
1 1 5 
2 1 2 5 3 2 3 5 1 2 
4 3 2 3 2 1 4 1 
