12
7 5 4 7 4 7 7 4 6 4 2 4 
388 394 274 351 173 414 350 
475 343 508 409 372 
436 301 550 570 
536 350 495 467 570 193 240 
299 184 466 535 
300 419 434 131 207 580 306 
310 505 120 560 380 215 320 
542 487 156 243 
289 126 180 540 373 547 
510 318 187 561 
403 406 
496 455 225 183 
5 5 1 1 5 2 3 
2 4 5 2 1 
2 1 5 4 
4 5 4 3 2 1 3 
2 3 3 3 
1 4 5 1 3 1 2 
5 2 5 4 5 3 3 
3 4 1 3 
3 4 2 2 4 1 
5 5 5 1 
4 3 
5 1 1 1 
4 5 1 2 1 4 1 4 3 5 3 1 
82 34 84 119 
28 92 27 26 87 
54 
92 92 
86 
87 109 31 60 
46 
116 93 42 79 
106 42 112 
68 67 27 32 49 
97 95 63 
61 
2 4 5 2 
3 4 1 2 3 
2 
5 4 
5 
2 2 4 2 
4 
3 3 1 2 
1 3 4 
3 4 3 5 5 
2 2 3 
3 
