12
7 6 4 2 5 4 5 7 7 1 6 2 
206 270 559 383 147 287 133 
590 437 277 316 358 182 
271 405 322 586 
576 511 
141 444 568 303 227 
412 483 406 332 
303 438 545 409 460 
356 192 508 543 577 350 232 
254 567 490 336 590 295 558 
576 
123 321 117 467 141 172 
446 454 
1 3 4 1 3 1 5 
4 2 4 4 2 3 
4 5 2 3 
5 1 
3 3 1 4 3 
5 3 3 1 
5 4 2 3 2 
5 5 1 5 2 4 1 
2 2 3 5 3 4 3 
5 
5 5 3 2 1 3 
2 5 
1 4 2 2 2 9 1 5 3 1 1 5 
51 
110 64 47 22 
33 88 
99 21 
76 60 
71 50 92 29 22 75 20 113 77 
115 
65 70 57 35 111 
53 57 113 
43 
71 
96 34 68 23 88 
4 
5 5 3 3 
5 4 
3 5 
5 3 
2 3 1 4 3 3 4 2 3 
2 
1 3 5 1 1 
1 2 1 
2 
2 
5 1 1 2 3 
